Namespace(act='relu', batch=16, decay=0.5, depth=2, dev='data/theano_data_dev', dropout_rate=0.3, embedding='word_vectors/stsa.glove.840B.d300.txt.gz', eval_period=-1, hidden_dim=300, l2_reg=1e-05, layer='strcnn', learning='adam', learning_rate=0.001, load='', max_epochs=100, mode=1, order=2, pooling=1, save='output_model_ka', test='data/theano_data_test', train='data/theano_data_train')
18240 pre-trained embeddings loaded.
layer 0: n_in=300	n_out=300
layer 1: n_in=300	n_out=300
layer 2: n_in=600	n_out=2
total # parameters: 541800
['0.17', '17.32', '17.32', '17.33', '0.17', '17.33', '17.34', '17.36', '0.00']
01002003004005006007008009001000110012001300140015001600170018001900200021002200230024002500260027002800290030003100320033003400350036003700380039004000410042004300440045004600470048004900500051005200530054005500560057005800590060006100620063006400650066006700680069007000710072007300740075007600770078007900800081008200830084008500860087008800890090009100920093009400950096009700980099001000010100102001030010400105001060010700108001090011000111001120011300114001150011600117001180011900120001210012200123001240012500126001270012800129001300013100132001330013400135001360013700138001390014000141001420014300144001450014600147001480014900150001510015200153001540015500156001570015800159001600016100162001630016400165001660016700168001690017000171001720017300174001750017600
Epoch 1.0	loss=0.6660	|g|=0.162227641526  [238.66m]
['0.63', '7.93', '12.74', '8.38', '0.70', '2.40', '3.54', '2.96', '1.24']
	dev accuracy=0.6742	best=0.6742
	test accuracy=0.6060
01002003004005006007008009001000110012001300140015001600170018001900200021002200230024002500260027002800290030003100320033003400350036003700380039004000410042004300440045004600470048004900500051005200530054005500560057005800590060006100620063006400650066006700680069007000710072007300740075007600770078007900800081008200830084008500860087008800890090009100920093009400950096009700980099001000010100102001030010400105001060010700108001090011000111001120011300114001150011600117001180011900120001210012200123001240012500126001270012800129001300013100132001330013400135001360013700138001390014000141001420014300144001450014600147001480014900150001510015200153001540015500156001570015800159001600016100162001630016400165001660016700168001690017000171001720017300174001750017600
Epoch 2.0	loss=0.6598	|g|=0.396705782415  [249.85m]
['0.58', '8.75', '13.54', '9.38', '0.63', '2.54', '2.85', '1.98', '1.88']
	dev accuracy=0.6877	best=0.6877
	test accuracy=0.6098
01002003004005006007008009001000110012001300140015001600170018001900200021002200230024002500260027002800290030003100320033003400350036003700380039004000410042004300440045004600470048004900500051005200530054005500560057005800590060006100620063006400650066006700680069007000710072007300740075007600770078007900800081008200830084008500860087008800890090009100920093009400950096009700980099001000010100102001030010400105001060010700108001090011000111001120011300114001150011600117001180011900120001210012200123001240012500126001270012800129001300013100132001330013400135001360013700138001390014000141001420014300144001450014600147001480014900150001510015200153001540015500156001570015800159001600016100162001630016400165001660016700168001690017000171001720017300174001750017600
Epoch 3.0	loss=0.6587	|g|=0.195391776105  [248.67m]
['0.68', '8.81', '13.46', '9.12', '0.71', '2.64', '2.95', '2.31', '1.98']
	dev accuracy=0.6817	best=0.6877
01002003004005006007008009001000110012001300140015001600170018001900200021002200230024002500260027002800290030003100320033003400350036003700380039004000410042004300440045004600470048004900500051005200530054005500560057005800590060006100620063006400650066006700680069007000710072007300740075007600770078007900800081008200830084008500860087008800890090009100